04/07/2021 02:25:20 1674.10918139132 2539.3365830136 0.714250383038313 0.93899209983711 76.2258660954971 733.220565407749 0
04/07/2021 02:25:30 1674.10918139132 2539.3365830136 0.714250383038313 0.93899209983711 76.2258660954971 733.220565407749 0
04/07/2021 02:25:40 1674.10918139132 2539.3365830136 0.714250383038313 0.93899209983711 76.2258660954971 733.220565407749 0
04/07/2021 02:25:50 1674.10918139132 2539.3365830136 0.714250383038313 0.93899209983711 76.2258660954971 733.220565407749 0
04/07/2021 02:25:59 1674.10918139132 2539.3365830136 0.714250383038313 0.93899209983711 76.2258660954971 733.220565407749 0
04/07/2021 02:26:07 1674.10918139132 2539.3365830136 0.714250383038313 0.93899209983711 76.2258660954971 733.220565407749 0
04/07/2021 02:26:16 1674.10918139132 2539.3365830136 0.714250383038313 0.93899209983711 76.2258660954971 733.220565407749 0
04/07/2021 02:26:25 1674.10918139132 2539.3365830136 0.714250383038313 0.93899209983711 76.2258660954971 733.220565407749 0
04/07/2021 02:26:34 1674.10918139132 2539.3365830136 0.714250383038313 0.93899209983711 76.2258660954971 733.220565407749 0
04/07/2021 02:26:44 1674.10918139132 2539.3365830136 0.714250383038313 0.93899209983711 76.2258660954971 733.220565407749 0
04/07/2021 02:26:54 1674.10918139132 2539.3365830136 0.714250383038313 0.93899209983711 76.2258660954971 733.220565407749 0
04/07/2021 02:27:03 1674.10918139132 2539.3365830136 0.714250383038313 0.93899209983711 76.2258660954971 733.220565407749 0
04/07/2021 02:27:15 1674.10918139132 2539.3365830136 0.714250383038313 0.93899209983711 76.2258660954971 733.220565407749 0
04/07/2021 02:27:25 1674.10918139132 2539.3365830136 0.714250383038313 0.93899209983711 76.2258660954971 733.220565407749 0
04/07/2021 02:27:33 1674.10918139132 2539.3365830136 0.714250383038313 0.93899209983711 76.2258660954971 733.220565407749 0
04/07/2021 02:27:44 1674.10918139132 2539.3365830136 0.714250383038313 0.93899209983711 76.2258660954971 733.220565407749 0
04/07/2021 02:27:55 1674.10918139132 2539.3365830136 0.714250383038313 0.93899209983711 76.2258660954971 733.220565407749 0
04/07/2021 02:28:04 1674.10918139132 2539.3365830136 0.714250383038313 0.93899209983711 76.2258660954971 733.220565407749 0
04/07/2021 02:28:16 1674.10918139132 2539.3365830136 0.714250383038313 0.93899209983711 76.2258660954971 733.220565407749 0
04/07/2021 02:28:24 1674.10918139132 2539.3365830136 0.714250383038313 0.93899209983711 76.2258660954971 733.220565407749 0
04/07/2021 02:28:36 1674.10918139132 2539.3365830136 0.714250383038313 0.93899209983711 76.2258660954971 733.220565407749 0
04/07/2021 02:28:44 1674.10918139132 2539.3365830136 0.714250383038313 0.93899209983711 76.2258660954971 733.220565407749 0
04/07/2021 02:28:54 1674.10918139132 2539.3365830136 0.714250383038313 0.93899209983711 76.2258660954971 733.220565407749 0
04/07/2021 02:29:03 1674.10918139132 2539.3365830136 0.714250383038313 0.93899209983711 76.2258660954971 733.220565407749 0
04/07/2021 02:29:12 1674.10918139132 2539.3365830136 0.714250383038313 0.93899209983711 76.2258660954971 733.220565407749 0
04/07/2021 02:29:21 1674.10918139132 2539.3365830136 0.714250383038313 0.93899209983711 76.2258660954971 733.220565407749 0
04/07/2021 02:29:30 1674.10918139132 2539.3365830136 0.714250383038313 0.93899209983711 76.2258660954971 733.220565407749 0
04/07/2021 02:29:39 1674.10918139132 2539.3365830136 0.714250383038313 0.93899209983711 76.2258660954971 733.220565407749 0
04/07/2021 02:29:48 1674.10918139132 2539.3365830136 0.714250383038313 0.93899209983711 76.2258660954971 733.220565407749 0
